"V1" "V2" "V3" "V4" "V5" "V6" "V7" "V8" "V9" "V10" "V11" "V12" "V13" "V14" "V15" "V16" "V17" "V18" "V19" "V20"
"1" 4.14139421191067 41.067728237249 56.0237862868235 72.0143534941599 23.0133955832571 11.677867686376 33.3382828626782 15.9211108461022 19.8051763698459 40.7136752037331 44.8011868400499 38.4195124264807 95.567929930985 41.4914176799357 4.06694770790637 65.9542493056506 2.72436139639467 74.690899066627 44.1481265006587 23.4381913440302
"2" 28.0924911843613 42.1534538269043 36.1895212670788 43.9184707822278 78.4435845213011 59.946191473864 38.2877024356276 82.5512431561947 25.1728839473799 61.5581910125911 58.549794415012 16.2798673845828 82.0280313724652 86.5473671816289 36.8109769187868 58.3901883801445 76.3880611164495 38.1390024209395 19.3941776873544 46.3381021516398
"3" 54.5333824818954 5.04249755758792 79.3999403016642 53.2092781038955 88.2418222725391 38.2780115585774 95.6481811357662 36.5788561990485 55.4762922693044 71.5222473023459 71.9314427115023 66.9870801502839 26.1170971440151 76.9446103135124 88.6310990201309 28.5968659678474 68.0136739974841 70.3772758832201 5.89405442588031 45.3750154934824
"4" 4.24450505524874 17.0627423329279 33.8819497963414 79.9018030054867 0.368590606376529 43.7793985707685 22.8272601729259 50.8911710465327 53.9894122863188 65.8400965854526 29.4295822270215 28.7648960482329 99.8885445063934 10.5443467153236 57.4764490360394 62.2908525634557 23.662084643729 45.3978371340781 9.78622029069811 94.1332495072857
"5" 90.5368210049346 45.2179374406114 2.93708895333111 53.6085637751967 87.3113373760134 38.3813317865133 68.762022187002 19.4311056518927 49.5209045009688 6.72320737503469 10.4897011071444 38.9450140995905 28.7176670972258 55.9379862388596 60.1438273210078 70.3134868294001 12.4702973058447 13.9313626103103 45.7239008974284 40.7320318743587
"6" 79.4501608470455 67.6835874794051 69.3807620322332 52.4566819658503 3.6475996254012 42.9996889084578 34.9952162709087 40.3867374407127 20.0569346547127 28.9201494306326 35.8684986596927 46.8439028598368 5.43462464120239 68.9494896447286 14.7148084128276 88.4206343675032 37.1398115763441 22.981888265349 9.75249919574708 74.9140949221328
"7" 94.4239334436134 68.0934237781912 43.2438535615802 22.327444772236 99.0633974550292 81.7810985026881 42.6549728261307 46.7881919117644 60.3401931468397 21.38726208359 11.1263133585453 76.6213445225731 96.564890537411 29.2464951053262 60.0652494234964 26.0232535889372 75.7363041862845 67.4389129737392 42.5393143668771 93.5374960536137
"8" 61.0332080628723 55.5183664429933 36.458927532658 94.6385573362932 26.6465593827888 36.1773065757006 53.2230527605861 53.8197237998247 17.7746489178389 84.5653451047838 41.4409466553479 78.0623067170382 68.6058298917487 56.4619910903275 58.359646005556 88.874340779148 82.8427008120343 87.0821938151494 72.8288647718728 76.7733488464728
"9" 9.50988936237991 87.7529040444642 13.4618374053389 53.5260121803731 11.0899846069515 83.6686182767153 31.8538725376129 47.2283181268722 3.15432336647063 31.1618940439075 71.5439227642491 95.7668593153358 29.0768813807517 34.5211309846491 25.7494089659303 60.8711349079385 81.6542615415528 0.580883701331913 13.2152109174058 50.7266655098647
"10" 36.0326410038397 94.4280478172004 35.8806930715218 49.5241564000025 97.9877338977531 47.3235074197873 76.9807130564004 87.1739072958007 39.9090636987239 6.84575426857919 61.6467727581039 10.3263723198324 20.2377842273563 20.2222658786923 15.2936152648181 42.7095558494329 36.3853444578126 37.1107597602531 2.26514022797346 90.8255721209571
"11" 50.7235350552946 27.3487177211791 28.8481002440676 83.6408819304779 75.8028207579628 37.8252153750509 47.5843840278685 34.2347298981622 11.1212120391428 75.0698691001162 30.9569559758529 34.7416029777378 34.1372496448457 53.5221334546804 93.4951382689178 75.1922969473526 94.2755730589852 63.0749511998147 99.916520761326 49.3174544069916
"12" 75.0440146774054 97.2718368051574 2.42988422978669 12.5433178152889 96.2217433610931 27.9379420680925 69.377481401898 37.0651194127277 93.536544428207 44.8370669735596 33.7051270063967 51.3304035644978 35.948899271898 84.4198513543233 30.5033261422068 9.32690436020494 62.868744158186 96.1737878387794 5.89973563328385 67.1786706894636
"13" 1.38210323639214 71.3014177978039 17.4442334100604 0.0362049555405974 56.9403020432219 30.1708659855649 0.17858340870589 73.3294984791428 33.1610769033432 38.6421230388805 71.9142973190174 19.2219448741525 83.8718067621812 83.9480393333361 80.3723583230749 29.5907850610092 66.6014524642378 12.5220719957724 81.4167708624154 68.5272767441347
"14" 48.4447346301749 76.6242744633928 43.0865505477414 39.1276196110994 37.1924710925668 76.0819444665685 58.1373552791774 27.4236561264843 56.0976061969995 13.1183473858982 3.41125864069909 94.1983436699957 55.4455925710499 12.859348882921 62.3912949347869 49.5393245946616 76.7259122570977 32.932389411144 88.8522717636079 37.78258448001
"15" 54.361506854184 99.7886208817363 38.1659047910944 79.7132403356954 33.4068400319666 20.7494465168566 49.4012436829507 49.5911482954398 63.9608302386478 8.18998869508505 30.1694908179343 19.9566257884726 29.1134673869237 73.7471907865256 54.552717320621 22.3498539999127 75.7117698900402 64.4444109406322 70.8749398821965 93.0610568495467
"16" 67.409640410915 9.59227315615863 76.7204101197422 13.5960208950564 20.009097806178 0.0637088902294636 57.6334539335221 19.5326562738046 0.365716335363686 38.7002942850813 67.6955511560664 91.1248522577807 40.4710104223341 26.3227081624791 6.67798612266779 93.7875928124413 78.5898986505345 76.0808074148372 25.2100151497871 67.0857758494094
"17" 89.3613454885781 77.7111146133393 19.4172769552097 36.412469111383 14.2347442219034 72.0678771147504 27.7202987344936 28.2503473339602 33.2842483185232 89.2636497505009 75.2418616088107 52.3031420307234 51.0757533833385 10.3904937626794 28.9648015517741 13.5997361503541 20.0977018335834 0.0910887960344553 0.978913577273488 25.522514176555
"18" 45.9258808288723 99.9271595384926 68.959268881008 12.0811595348641 98.1180517235771 25.6219374248758 6.34753594640642 57.0786013500765 9.62590097915381 55.9973670868203 35.9407610958442 51.8057167064399 89.0638273907825 49.9719996470958 31.22132003773 17.5534524023533 0.797660229727626 18.1983722606674 55.7216720189899 35.0575004704297
"19" 5.93592477962375 4.84044055920094 44.5850971387699 41.9031568337232 0.27248056139797 58.269944624044 0.0677638221532106 80.8832737384364 22.0657766796649 53.0307761393487 89.6571093471721 38.3982206927612 54.2940595187247 71.7054802458733 60.7769792666659 36.2834610976279 26.341512077488 75.0158801209182 86.5968321682885 56.8288973998278
"20" 51.392634306103 78.1975706573576 88.6602924438193 88.9114727964625 72.5881028454751 17.7669863915071 20.6289150053635 30.6484513916075 86.2733607646078 81.6217455314472 85.6452217092738 98.9682806190103 87.5032800715417 66.3184903329238 72.1019517164677 23.8433205755427 77.3966026958078 5.52228982560337 33.2521410658956 17.5874706124887
